1 0.49375 0.04921875 0.0875 0.03125
0 0.4828125 0.2234375 0.18046875 0.02890625
0 0.4828125 0.253125 0.18203125 0.028125
0 0.4890625 0.5765625 0.18125 0.0265625
0 0.48359375 0.28046875 0.1828125 0.028125
0 0.48359375 0.30703125 0.18515625 0.0265625
0 0.484375 0.334375 0.18359375 0.0265625
0 0.48359375 0.3625 0.184375 0.02890625
0 0.484375 0.3890625 0.18515625 0.028125
0 0.484375 0.41640625 0.18515625 0.028125
0 0.484375 0.44140625 0.184375 0.028125
0 0.48828125 0.54921875 0.17890625 0.028125
0 0.4875 0.52109375 0.17890625 0.03046875
0 0.48515625 0.4671875 0.18359375 0.02890625
0 0.48515625 0.49296875 0.1828125 0.02890625
2 0.509375 0.59453125 0.128125 0.0125